72.20096548596435
19.497605734770517
66.71595726539502
77.8440867410149
72.20096548596435
19.497605734770517
66.71595726539502
77.8440867410149
61.860760602406486
62.309699131219
23.675163488485772
48.72271583691106
68.04221244148292
52.4545450315388
72.20096548596435
19.497605734770517
66.71595726539502
77.8440867410149
61.860760602406486
62.309699131219
23.675163488485772
48.72271583691106
68.04221244148292
52.4545450315388
49.69903441611853
99.09861609988636
89.21398533575953
34.77874444278789
46.947322804786914
56.93896502757985
72.20096548596435
19.497605734770517
66.71595726539502
77.8440867410149
61.860760602406486
62.309699131219
23.675163488485772
48.72271583691106
62.309699131219
23.675163488485772
48.72271583691106
68.04221244148292
52.4545450315388
2.9587621794166963
42.131536567827986
44.998154679628634
26.817780724067553
45.75221633907754
92.968371012488
38.98277814707443
2.404699322631998
5.724940043666349
12.107561870265771
27.870906739251712
42.52336028897658
60.95074948656855
12.38390982284352
55.74621556935882
52.97782174224817
40.99623335201979
48.21255145648497
88.29557881642675
13.726550193331677
72.64404249162575
18.91680770644314
28.71443382324923
39.49132947536174
62.4647010262432
5.418413895106644
79.55113425222119
91.75681245282207
28.228785716686076
23.95649578202296
57.17494866201254
78.61372596410354
69.58851069692548
87.55330805539666
4.154767681237548
58.89480654856579
30.89983079740861
86.10338321096758
6.389606193876929
67.88925169876512
62.16645479525004
84.68269973744968
