28.0
28.0
28.0
28.0
28.0
28.0
28.0
28.0
28.0
28.0
28.0
28.0
76.0
78.0
80.0
79.0
79.0
78.0
77.0
76.0
77.0
77.0
78.0
77.0
76.0
77.0
79.0
79.0
77.0
79.0
77.0
77.0
77.0
77.0
77.0
77.0
77.0
77.0
77.0
79.0
79.0
79.0
76.0
78.0
1.0
7.0
10.0
1.0
1.0
1.0
1.0
1.0
1.0
1.0
1.0
1.0
1.0
1.0
1.0
1.0
1.0
1.0
1.0
1.0
1.0
1.0
1.0
1.0
1.0
1.0
1.0
1.0
1.0
1.0
1.0
1.0
1.0
1.0
1.0
10.0
1.0
78.0
1.0
78.0
1.0
78.0
1.0
78.0
1.0
78.0
1.0
78.0
78.0
78.0
1.0
78.0
1.0
78.0
1.0
78.0
1.0
78.0
78.0
78.0
78.0
78.0
78.0
78.0
78.0
78.0
78.0
1.0
1.0
1.0
1.0
1.0
1.0
1.0
78.0
78.0
