72.20096548596435
19.497605734770517
66.71595726539502
77.8440867410149
61.860760602406486
62.309699131219
23.675163488485772
48.72271583691106
68.04221244148292
52.4545450315388
49.69903441611853
99.09861609988636
89.21398533575953
34.77874444278789
46.947322804786914
56.93896502757985
64.46930199027759
78.51977178885842
15.137973307778097
12.135203530207805
41.3242845037923
28.672630466619474
62.46190087763299
73.14622835577995
48.603697468545924
15.212608417031703
2.9587621794166963
42.131536567827986
44.998154679628634
26.817780724067553
45.75221633907754
95.73554797963816
28.037080153172734
92.55136559693375
97.26597458279264
59.563272654135865
30.506822109184917
22.0
23.0
21.0
24.0
25.0
