21.0
21.0
20.0
20.0
21.0
21.0
21.0
21.0
21.0
20.0
21.0
21.0
21.0
21.0
28.0
22.0
22.0
22.0
21.0
22.0
22.0
22.0
22.0
22.0
21.0
22.0
22.0
29.0
23.0
28.0
22.0
25.0
22.0
22.0
22.0
22.0
22.0
22.0
22.0
27.0
22.0
22.0
22.0
22.0
22.0
22.0
21.0
23.0
22.0
22.0
22.0
22.0
27.0
22.0
22.0
22.0
22.0
22.0
22.0
22.0
22.0
22.0
22.0
21.0
22.0
22.0
22.0
22.0
22.0
22.0
22.0
22.0
22.0
22.0
22.0
22.0
21.0
22.0
22.0
22.0
21.0
22.0
21.0
21.0
22.0
21.0
22.0
22.0
22.0
22.0
21.0
22.0
22.0
22.0
21.0
22.0
22.0
21.0
21.0
22.0
22.0
22.0
22.0
22.0
22.0
21.0
22.0
22.0
22.0
22.0
22.0
22.0
22.0
21.0
21.0
22.0
22.0
21.0
21.0
22.0
22.0
22.0
22.0
22.0
21.0
22.0
22.0
21.0
22.0
22.0
22.0
22.0
22.0
21.0
21.0
22.0
22.0
22.0
22.0
22.0
22.0
22.0
22.0
22.0
22.0
21.0
21.0
22.0
22.0
22.0
22.0
21.0
22.0
21.0
21.0
20.0
5.0
22.0
24.0
23.0
23.0
23.0
23.0
22.0
23.0
23.0
22.0
23.0
22.0
22.0
22.0
22.0
4.0
5.0
6.0
4.0
5.0
6.0
6.0
4.0
5.0
6.0
5.0
4.0
5.0
6.0
5.0
4.0
5.0
6.0
4.0
4.0
6.0
6.0
5.0
4.0
7.0
26.0
6.0
19.0
26.0
8.0
6.0
4.0
4.0
27.0
6.0
26.0
26.0
6.0
4.0
25.0
25.0
25.0
22.0
24.0
24.0
23.0
24.0
24.0
22.0
24.0
24.0
23.0
24.0
23.0
22.0
24.0
23.0
21.0
24.0
24.0
22.0
23.0
24.0
21.0
23.0
23.0
21.0
23.0
23.0
22.0
23.0
23.0
22.0
23.0
23.0
4.0
5.0
12.0
6.0
4.0
4.0
6.0
28.0
23.0
23.0
22.0
22.0
22.0
22.0
22.0
23.0
22.0
23.0
23.0
22.0
22.0
22.0
23.0
22.0
22.0
4.0
24.0
26.0
5.0
27.0
27.0
26.0
25.0
26.0
25.0
25.0
24.0
24.0
23.0
24.0
28.0
24.0
23.0
22.0
24.0
23.0
23.0
23.0
22.0
23.0
23.0
23.0
22.0
23.0
22.0
23.0
23.0
22.0
22.0
23.0
22.0
23.0
22.0
22.0
22.0
23.0
23.0
23.0
23.0
23.0
23.0
23.0
23.0
22.0
22.0
23.0
23.0
22.0
22.0
22.0
23.0
22.0
22.0
23.0
6.0
4.0
5.0
6.0
4.0
5.0
5.0
4.0
5.0
6.0
4.0
6.0
33.0
6.0
5.0
5.0
4.0
5.0
27.0
5.0
22.0
22.0
23.0
23.0
23.0
27.0
29.0
30.0
30.0
28.0
26.0
12.0
4.0
6.0
4.0
6.0
22.0
23.0
27.0
5.0
6.0
4.0
6.0
4.0
4.0
5.0
4.0
5.0
4.0
22.0
22.0
6.0
3.0
6.0
4.0
6.0
5.0
6.0
4.0
6.0
5.0
3.0
6.0
3.0
7.0
5.0
4.0
23.0
22.0
22.0
23.0
22.0
22.0
22.0
22.0
12.0
5.0
4.0
28.0
4.0
5.0
22.0
22.0
22.0
22.0
22.0
22.0
22.0
22.0
22.0
22.0
22.0
28.0
22.0
22.0
22.0
23.0
22.0
22.0
23.0
22.0
