0.0
0.0
0.0
0.0
0.0
0.0
0.0
0.0
130.0
153.0
161.0
163.0
163.0
0.0
0.0
0.0
0.0
0.0
0.0
0.0
0.0
0.0
0.0
0.0
0.0
0.0
0.0
0.0
0.0
0.0
0.0
0.0
0.0
0.0
0.0
0.0
0.0
0.0
119.0
149.0
151.0
150.0
151.0
151.0
152.0
152.0
152.0
152.0
154.0
38.0
42.0
42.0
42.0
42.0
42.0
42.0
42.0
0.0
0.0
0.0
0.0
0.0
0.0
60.0
59.0
59.0
60.0
59.0
47.0
0.0
0.0
0.0
0.0
0.0
0.0
0.0
0.0
0.0
0.0
0.0
0.0
0.0
0.0
0.0
39.0
64.0
67.0
66.0
65.0
68.0
67.0
67.0
67.0
66.0
66.0
66.0
66.0
0.0
0.0
0.0
1.0
67.0
64.0
64.0
64.0
0.0
0.0
0.0
0.0
0.0
0.0
0.0
0.0
0.0
0.0
0.0
0.0
3.0
0.0
0.0
0.0
0.0
0.0
0.0
0.0
0.0
0.0
0.0
0.0
0.0
0.0
0.0
0.0
0.0
0.0
0.0
0.0
0.0
0.0
0.0
0.0
0.0
0.0
0.0
0.0
0.0
0.0
0.0
0.0
0.0
0.0
0.0
0.0
0.0
0.0
0.0
0.0
0.0
0.0
0.0
0.0
0.0
0.0
0.0
0.0
0.0
0.0
0.0
0.0
0.0
0.0
0.0
0.0
0.0
0.0
0.0
0.0
0.0
0.0
0.0
0.0
0.0
0.0
0.0
0.0
0.0
0.0
0.0
0.0
0.0
0.0
0.0
0.0
0.0
0.0
0.0
0.0
0.0
0.0
0.0
0.0
0.0
0.0
0.0
0.0
0.0
0.0
0.0
0.0
0.0
0.0
0.0
0.0
0.0
0.0
0.0
0.0
0.0
0.0
0.0
0.0
0.0
0.0
0.0
0.0
0.0
0.0
0.0
0.0
0.0
0.0
0.0
0.0
0.0
0.0
0.0
0.0
0.0
0.0
0.0
0.0
0.0
0.0
0.0
0.0
0.0
0.0
0.0
65.0
63.0
62.0
61.0
0.0
0.0
0.0
0.0
0.0
99.0
99.0
99.0
91.0
0.0
0.0
99.0
99.0
99.0
0.0
0.0
0.0
0.0
0.0
0.0
0.0
0.0
0.0
0.0
0.0
0.0
0.0
0.0
0.0
0.0
0.0
0.0
0.0
0.0
0.0
0.0
0.0
0.0
0.0
0.0
0.0
0.0
0.0
0.0
0.0
0.0
0.0
0.0
29.0
49.0
44.0
21.0
0.0
0.0
0.0
0.0
0.0
0.0
0.0
0.0
0.0
0.0
0.0
0.0
0.0
0.0
0.0
0.0
0.0
0.0
0.0
0.0
0.0
0.0
0.0
0.0
0.0
0.0
0.0
0.0
0.0
0.0
0.0
0.0
0.0
0.0
0.0
0.0
0.0
0.0
0.0
0.0
0.0
0.0
0.0
0.0
0.0
0.0
0.0
0.0
99.0
99.0
99.0
99.0
99.0
99.0
99.0
0.0
0.0
0.0
99.0
99.0
99.0
0.0
99.0
99.0
99.0
0.0
0.0
0.0
0.0
0.0
0.0
0.0
0.0
0.0
99.0
99.0
99.0
0.0
80.0
99.0
99.0
99.0
99.0
3.0
99.0
99.0
0.0
99.0
0.0
99.0
99.0
22.0
99.0
0.0
2.0
0.0
56.0
0.0
0.0
0.0
0.0
0.0
99.0
99.0
99.0
0.0
0.0
99.0
99.0
99.0
0.0
0.0
0.0
0.0
0.0
0.0
0.0
99.0
99.0
0.0
0.0
0.0
0.0
0.0
0.0
0.0
